t = 0
b = 1000 1000 1000
E = 0 0 0
-1.031797671660117 -0.6400404967876421 0.5587377963489804 0.3947902921185923 -0.18705401946989283 -0.8995284426014964 -0.9184807264399405 -0.09619276344618324 -0.38358846100859967
-0.07753263413906097 -0.3570150136947632 1.3207612037658691 0.999218909573826 -0.0392681760845988 0.004425053342421359 -0.017268315716061335 -0.3530059664198036 0.9354617004155492
0.27065420150756836 -0.023730643093585968 1.028527021408081 0.8892801679398279 -0.4495357236839283 -0.08425209813932723 -0.07931153330131946 -0.33409812603946293 0.9391954657377307
0.6360093951225281 0.385842889547348 0.7456774115562439 0.7212097382563105 -0.6820599099554663 -0.1210404588383784 -0.009940135495149084 -0.1817282310144203 0.9832985527085389
0.945391058921814 0.29938530921936035 0.20257142186164856 0.0003695489616249216 -0.9993162902395257 -0.03697046788285095 0.4600490305507134 -0.03292143290315137 0.8872829699396648
0.8588115572929382 0.0068031251430511475 -0.2745359241962433 -0.3453872118814704 -0.8787154829831548 0.3294947250479521 0.6546080008508582 0.025327355190457097 0.7555441021549302
0.5319992303848267 -0.26648154854774475 -0.595546543598175 -0.38154385079439923 -0.7298717539626713 0.5671961853613217 0.7882803920405546 0.06376471084265778 0.6120033375526165
0.017178654670715332 -0.6011145114898682 -0.6302320957183838 -0.46573165524129995 -0.340114126244989 0.8169555718855258 0.8756457866590053 -0.04138407102087637 0.48117752957933424
-0.5580493211178059 -0.8645053201515135 -0.5206963347728155 -0.3947902921185923 0.18705401946989283 0.8995284426014964 0.9184807264399405 0.09619276344618324 0.38358846100859967
